1 0.00021118203125 0.0009143070312499999 0.0002075203125 8.056718750000004e-05
1 0.00020385703124999998 0.00083984375 0.00020752031250000002 7.812500000000007e-05
1 0.0001904296875 0.0007727046875 0.00020507812500000002 6.1034375000000066e-05
1 0.00041259765625 0.0009069820312500001 0.00020507968749999996 6.591718750000013e-05
1 0.000400390625 0.00083984375 0.00020019374999999997 6.835937499999993e-05
1 0.000400390625 0.0007763671875 0.00020507812500000005 7.324062499999995e-05
1 0.00060913125 0.00090454140625 0.000212403125 7.56828125000001e-05
1 0.0006030265624999999 0.000833740625 0.00020507812500000005 7.080000000000003e-05
1 0.00060302734375 0.0007800289062500001 0.0002001953125 7.080156249999999e-05
1 0.00080444296875 0.0008984374999999999 0.00019775468749999998 5.8593749999999964e-05
1 0.0008056640625 0.0008349609375000001 0.00020507812500000005 6.83593750000001e-05
1 0.0008068851562499999 0.00076904296875 0.00019775468749999998 6.347656249999995e-05
1 0.00101684609375 0.00081420859375 0.0002221671875000001 8.056718750000004e-05
1 0.00101562578125 0.0008972164062499999 0.0002197265625 8.544843750000007e-05
1 0.00123779296875 0.0008935546874999998 0.00022460781250000002 8.789062500000004e-05
1 0.0012353515625000001 0.00081420859375 0.00022460937500000006 7.568281250000002e-05
1 0.0012451171875 0.00074096640625 0.00022949375 7.080156249999999e-05
1 0.00056030234375 0.00051879921875 0.00019775468749999998 8.544843749999997e-05
1 0.0007678226562499999 0.00043701171874999995 0.00022705156249999995 9.277343750000001e-05
1 0.000767821875 0.00051757890625 0.00023681562499999997 9.277343749999993e-05
1 0.00099609375 0.00051635703125 0.0002246093749999999 8.544843750000007e-05
