1 0.0002453609375 0.000498046875 0.000476075 0.00021484375000000003
1 0.00067626953125 0.0005078124999999999 0.00039062656250000007 0.00021484375000000003
1 0.000299071875 0.00069580078125 0.0004370125 0.00021484218750000006
1 0.000689696875 0.00068725625 0.000373534375 0.0001977531250000001
1 0.00068725546875 0.00084228515625 0.00035400468749999996 0.00016113281249999995
1 0.00031860312500000003 0.0008532718749999999 0.00041748125000000007 0.00016845624999999994
1 0.00106079140625 0.00049194296875 0.00035888593749999997 0.00016845781250000006
1 0.00105346640625 0.00068237265625 0.00035400468749999996 0.00021240156249999995
1 0.001048584375 0.0008410648437500001 0.00033447187499999995 0.0001538078125
1 0.0006054687499999999 0.00013183515625 0.0003906249999999999 0.00015136718750000003
1 0.00020629921875 0.00010253906250000001 0.00040771406250000007 0.00018066562500000002
