1 0.00068603515625 0.00135986328125 0.0005664078125 7.812343750000002e-05
1 0.0006848148437499999 0.0012939453125 0.0005932609375000001 0.00012207187499999988
1 0.00066528359375 0.0012121585937499998 0.0006079109375 9.033281250000001e-05
1 0.0012316890625 0.0013330078125 0.000529784375 7.812500000000007e-05
1 0.00125244140625 0.0012731929687500002 0.0005322265625000001 9.033281250000001e-05
1 0.001263428125 0.00120849609375 0.0005542 0.00011230468749999986
1 0.00069091796875 0.000667725 0.0006494140625 0.00010986250000000006
1 0.0006896976562500001 0.0007604984375000001 0.0006518546875000001 8.056562499999991e-05
1 0.0012890624999999998 0.0007629390625 0.0005468749999999999 8.0565625e-05
1 0.0012866210937500001 0.00068115234375 0.0005517578125000001 0.00010253906249999998
1 0.0011901859375 0.000954590625 0.000568846875 0.00011718749999999993
1 0.0011938468750000001 0.00103881875 0.0005664062500000001 9.033124999999996e-05
