1 0.000244140625 0.00046508750000000005 0.00048828125 9.033125000000004e-05
1 0.00077270546875 0.00045166015625 0.0005639640625000001 0.00010253906250000006
1 0.00130615234375 0.00048583984374999994 0.0005078109375000001 9.277343750000001e-05
1 0.0002722171875 0.0008447265624999999 0.000544434375 8.789062500000004e-05
1 0.0008215328124999999 0.00084716796875 0.0005444343749999999 9.277343750000011e-05
1 0.00133056640625 0.0008435054687499999 0.0004638671875 8.544843750000007e-05
1 0.00033569296875 0.00119506875 0.00045166093750000004 9.033124999999996e-05
1 0.0007849125 0.001201171875 0.0004418937500000001 7.812499999999989e-05
1 0.0012451171875 0.00120727578125 0.00044433749999999995 8.544843750000007e-05
1 0.0005773929687500001 0.0014660640625 0.0004418953125 7.568437499999997e-05
1 0.0005749507812500001 0.0014135742187500002 0.00043701093750000004 6.347656250000003e-05
1 0.0010144046875 0.0015087890625 0.000432128125 6.347812499999991e-05
1 0.00101318359375 0.00144897421875 0.00042480468750000016 7.56828125000001e-05
