1 0.00032592734375 0.0002355953125 0.0004418953125 0.00021728437500000003
1 0.00030517578125 0.00043090859375000004 0.0004687515624999999 0.00020263593750000005
1 0.00027954140625 0.00065673828125 0.0004956046875 0.0002343734375
1 0.00025634765625 0.0008923335937499998 0.0005029296875 0.00023681718750000002
1 0.0007958984375000001 0.000377196875 0.0005078125 0.00024658125
1 0.00079711953125 0.0006213375 0.0005395515625 0.0002417
1 0.0007885742187499999 0.0008825679687499999 0.0005615234375 0.00027587968749999994
1 0.001275634375 0.00046142578125 0.0004223625 0.00023925781250000002
1 0.001259765625 0.00028686562499999997 0.00041015624999999993 0.00017334062500000001
1 0.00129638671875 0.00068725546875 0.0004541015625 0.00021728593750000008
1 0.00131713828125 0.0009057625 0.00048583906250000003 0.000244140625
