1 0.0002551265625 0.00027587890625000003 0.000461425 0.0002099609375
1 0.0002380375 0.0004895015625 0.000476075 0.00022704999999999996
1 0.00070678671875 0.0003015140625 0.00045654218749999995 0.00023681562499999997
1 0.0007177734375 0.0004968265625 0.00048828125 0.00024658125
1 0.00070922890625 0.0007348640625 0.0004907234375 0.00022460937499999998
1 0.000700684375 0.0009948734375 0.0005078124999999999 0.00024170000000000007
1 0.00023193359375 0.00072265546875 0.00045898281250000004 0.00022949218749999996
1 0.00022583046874999997 0.0009765625 0.0004467765625 0.00023925625000000006
1 0.0012158203124999999 0.00045043906250000004 0.0005224593750000001 0.000256346875
1 0.00123779296875 0.000703125 0.0005615234375 0.00024414062499999992
1 0.0012451171875 0.00097534140625 0.000600584375 0.0002905265625
