1 0.0003833015625 0.00034790078125 0.00047851562500000005 0.00021240156250000006
1 0.00035034140625 0.0005859375 0.0005102546875 0.00022949062499999991
1 0.00032836875 0.00084594765625 0.00053955 0.00026122968749999994
1 0.00030639609375 0.0011364742187499998 0.0005834953124999999 0.0003051765624999999
1 0.0008398445312499999 0.00036010781250000003 0.0004541015625 0.00023681562500000005
1 0.0008557125000000001 0.0005920414062500001 0.0004956062500000001 0.00024169843749999995
1 0.00086791953125 0.000856934375 0.0005200203125 0.00027343749999999997
1 0.0008837890625 0.0011376953125 0.000561525 0.00029296875
1 0.00129760703125 0.00037231484375 0.0004467765625 0.00021240156250000006
1 0.0013354492187500002 0.00059814453125 0.0004541015625 0.00022949218749999996
1 0.0013464351562500001 0.0008508304687499999 0.0004321296875 0.00027099531249999995
1 0.00136352578125 0.0011120609375 0.0003979484375 0.00030029375
