1 0.0011010734375000001 8.91109375e-05 0.000498046875 0.000178221875
1 0.0011181640625 0.00029418906249999995 0.000541990625 0.00022704999999999996
1 0.0011547851562499999 0.00052001953125 0.0006152328125000001 0.0002685546875
1 0.00118652265625 0.00077270546875 0.0006494140625 0.0003100578125
1 0.00117797890625 0.0010363765625 0.0006469734374999999 0.0002905281249999999
1 0.00117553671875 0.001240234375 0.0006274421875 0.00025390624999999995
1 0.0005761718750000001 0.00039184609375 0.000561525 0.00024658281249999997
1 0.0005834960937499999 0.00016967734375 0.0005322265624999999 0.00023193281249999997
1 0.0005554203125000001 0.0006628421875 0.0005834968749999999 0.000270996875
1 0.00052368125 0.00095336875 0.0006323249999999999 0.00028564374999999996
1 0.00053955078125 0.00120483359375 0.0006249984375 0.00024658281249999997
