1 0.0011181640625 0.00030273515625 0.00052734375 0.00023925781250000002
1 0.0011022945312500001 0.00010375937500000001 0.0004956046875 0.00020751875000000003
1 0.0011523437500000002 0.00054565390625 0.0006054687500000001 0.0003100578125
1 0.00118896484375 0.0007983390625 0.0006591796875 0.00030273437500000005
1 0.001177978125 0.0010546875 0.00065185625 0.00029296875
1 0.0011767578125 0.00128051796875 0.000639646875 0.0002563484374999999
1 0.00058837890625 0.00020263671875000002 0.0005322265625 0.0002343734375
1 0.0005712890625000001 0.00042114218749999996 0.000541990625 0.000251465625
1 0.0005554203125000001 0.0006787109375000001 0.0005834968749999999 0.00025390624999999995
1 0.0005139156250000001 0.00097534140625 0.000632325 0.0002905265625
1 0.0005407710937500001 0.001220703125 0.0006372078125000001 0.00024902499999999994
