1 0.00117065390625 0.0007421875 0.00048583906250000003 0.000278321875
1 0.0011462406249999999 0.0009570312500000001 0.0004956062500000001 0.0003515625
1 0.00113037109375 0.0011694343749999998 0.00046874843750000005 0.00030273437499999994
1 0.0010974125 0.0013916015625 0.0004956062500000001 0.000341796875
1 0.00076171875 0.00065429609375 0.00034667812500000005 0.00023925781249999994
1 0.00072387734375 0.00084106484375 0.00035888593749999997 0.00026122968749999994
1 0.000677490625 0.0010656734375 0.0003588875 0.000310059375
1 0.00045166093749999994 0.00059936484375 0.00027343749999999997 0.00021240156250000006
1 0.00040161171874999996 0.00076538125 0.0002709953125 0.000212403125
1 0.00035766640625 0.0009326171875000001 0.00028076093749999996 0.000249021875
