1 0.00057251015625 0.00113769453125 0.0005493171875 0.00013183593749999995
1 0.0005615234375 0.00102661171875 0.0005615218750000001 9.521406250000003e-05
1 0.0005541992187500001 0.00092163046875 0.0005810546875 0.00012451093749999993
1 0.001083984375 0.00114013671875 0.00047851562500000005 0.00011230468750000003
1 0.00108764609375 0.0010327148437499999 0.00047119218750000006 0.00012695156250000001
1 0.00063720703125 0.00152587890625 0.00045898593749999996 7.32421875e-05
1 0.00062133828125 0.0014636234375 0.00045166093750000004 8.544999999999994e-05
1 0.00061279296875 0.001380615625 0.0004736328125 9.033124999999996e-05
1 0.0001940921875 0.0014624031249999999 0.000388184375 8.789062500000004e-05
1 0.00018676796875 0.00138305625 0.0003735359375 9.033125000000014e-05
1 0.0010974125 0.0014624015625 0.00047607499999999996 9.765625e-05
1 0.00110107421875 0.0013818359375 0.00048339843749999994 9.277187500000006e-05
