1 0.00098510703125 0.00084594765625 0.0007592765625000001 0.00016845781249999998
1 0.00098876953125 0.0007202140625 0.0007373046875000001 0.00018554687500000003
1 0.0009912109375000001 0.0005896 0.00074706875 0.00019775312500000002
1 0.0009851078124999998 0.00048339921874999996 0.000744628125 0.0002099609375
1 0.000989990625 0.00036376953125 0.000705565625 0.00022949218750000004
1 0.0009887703125000002 0.0002551265625 0.000693359375 0.000251465625
1 0.00099121015625 0.00014648515625 0.0006787109375000001 0.00023925781249999997
1 0.0010046390625 0.0012683109374999999 0.0008618156249999998 0.00017334062499999996
1 0.0010046390625 0.0011364742187499998 0.0008081062499999999 0.00015869218749999995
1 0.00100830078125 0.0009912109375 0.0008154296875 0.00013671875000000004
1 0.0010107421875 0.00144653359375 0.000830078125 0.00021728593750000008
1 0.00100219765625 0.00144409140625 0.0008569328125000001 0.00022705156249999987
1 0.0004016109375 0.00030517578125 0.000461425 0.0001708984375
1 0.00042236328124999994 0.00022338828125 0.00044433593749999996 0.00017333906250000002
1 0.0002685546875 0.00137084921875 0.000537109375 0.0001879890625
1 0.00029663046875 0.0012512203125 0.0005151359375 0.000163575
1 0.00030029296875 0.00112670859375 0.0005126953125 0.00013427656250000007
1 0.000325928125 0.00099731484375 0.0005249031249999999 0.00013427656250000007
1 0.00033691406250000003 0.00088012734375 0.0005468749999999999 0.0001245109375000001
1 0.00035278281249999995 0.00076904296875 0.0005004874999999999 0.00012695468749999994
1 0.0003698734375 0.0006750484375 0.00048584062499999997 0.00015380937500000005
1 0.00037353515625 0.0005749507812500001 0.0004980484375 0.00016357343750000004
1 0.000384521875 0.00047851640624999996 0.000476075 0.0001708984375
1 0.00039672812499999993 0.0003796390625 0.00048584062499999997 0.00017334062499999996
