1 0.00024902265625 0.0008459468750000001 0.00023925781250000002 8.0565625e-05
1 0.0004687500000000001 0.00083251953125 0.00021484375000000003 9.277343749999993e-05
1 0.000260009375 0.00114990234375 0.00019775312500000002 9.277343749999993e-05
1 0.0004479984375 0.00114501953125 0.00019775312499999996 8.300781249999997e-05
1 0.00064697265625 0.0011376953125 0.00020507656249999992 9.277187500000006e-05
1 0.0008410648437500001 0.00113525390625 0.0002026359375 8.300781250000014e-05
1 0.0006787109375000001 0.0008276367187499999 0.0002148437500000001 0.00010253906249999998
1 0.0008886718749999999 0.00082641640625 0.00022460937499999998 9.033281250000001e-05
1 0.0010449218749999998 0.001142578125 0.00020507812499999997 9.277499999999998e-05
1 0.00078125 0.00141723671875 0.00020019687499999995 6.591718749999995e-05
1 0.0007922359375 0.0014758296875 0.0001977531250000001 5.615312500000004e-05
1 0.0009973140625 0.00148437421875 0.00021728437500000003 7.32421875e-05
1 0.00099853515625 0.00142944296875 0.00022461093749999995 6.591718749999995e-05
1 0.001207275 0.0014270015625 0.00021728437500000003 7.568437499999997e-05
1 0.0012097171875 0.0014904781249999999 0.00021728437500000003 6.1034375000000066e-05
1 0.00128051796875 0.0011401375 0.00026122968749999994 9.765625e-05
