1 0.00057373046875 0.0009082023437499999 0.0005810546875 0.00013183593749999995
1 0.00057983359375 0.0011218265625 0.0005639640625 0.00011962812500000003
1 0.0005810546875 0.0010229492187499999 0.0005712906249999999 0.0001220703125
1 0.0011022945312500001 0.0010205078125 0.0004809578125 0.00010742187499999996
1 0.0010949710937499999 0.0011279296875 0.0004760734375000001 0.0001171875000000001
1 0.000631103125 0.0015112304687499999 0.00044677812500000004 0.00010253906250000006
1 0.0006323234375 0.0014428710937499998 0.00045898437500000003 8.300781249999997e-05
1 0.0006201171875 0.0013623046875 0.00048339687500000006 9.277499999999998e-05
1 0.00020141562499999998 0.0014404296875 0.00040283124999999996 9.765625e-05
1 0.00019653359375 0.00135986328125 0.0003930671875 7.812343750000002e-05
1 0.0011022953125 0.001451415625 0.00046630937499999995 9.033124999999996e-05
1 0.0011059570312499998 0.00136840859375 0.0004736328125 8.056718750000004e-05
