1 0.00027343828125 0.0006591796875 0.0005029296875 0.0001953125
1 0.00079589921875 0.0006335453125 0.0005126953125 0.00020263749999999996
1 0.00130615234375 0.00064086875 0.0005126953125 0.00022216875000000006
1 0.0002880859375 0.0008447257812500001 0.000532225 0.00018066406249999997
1 0.0008093257812499999 0.0008264156249999999 0.0005200203125 0.00020263750000000004
1 0.00130493125 0.0008288578124999999 0.0005151375 0.00020263749999999996
1 0.00029296875 0.0010205078125 0.0005322250000000001 0.00018554687500000003
1 0.00080078125 0.0010168453125 0.0005078125000000001 0.000178221875
1 0.0013098140625 0.001005859375 0.0005004875 0.00017578124999999989
1 0.000263671875 0.00146728515625 0.00052734375 0.00019042968749999993
1 0.00076416015625 0.0014404296875 0.0004931640625 0.00019042812500000007
1 0.001279296875 0.00142944375 0.00052734375 0.00018798749999999995
1 0.000794678125 0.0001708984375 0.00044677812500000004 0.00021484375000000003
1 0.00033935546875000003 0.0001843265625 0.00047363281250000004 0.0001879875
