1 0.00040039062500000003 0.00080810546875 0.0006787125000000001 0.00015136718750000008
1 0.00037841796875 0.0006750484375 0.0006884765625000001 0.00015869062500000006
1 0.00108276328125 0.00069458046875 0.0006811515625 0.00014404218749999994
1 0.00106933671875 0.000830078125 0.0006689453124999999 0.00016601562499999993
1 0.0005224617187499999 0.00117065390625 0.0005908203124999999 0.00011474531249999996
1 0.0011181640625 0.0011865234375 0.0005859375 0.00011718749999999993
1 0.000306396875 0.00035522421875 0.000607909375 0.00016845781249999998
1 0.00026611328125 0.00017578125 0.0005322265625 0.00019531249999999998
1 0.0008776859375 0.00019897500000000003 0.00067626875 0.00020263749999999999
1 0.00094482421875 0.000380859375 0.0006591796875 0.00020507812500000002
1 0.0007189937500000001 0.0014892578125 0.0005395500000000001 0.00012695312500000006
