1 0.00032592734375 0.0005468749999999999 0.0006030265624999999 0.00023437499999999994
1 0.00032836953125 0.00076171875 0.0005688484374999999 0.00020507812499999997
1 0.0008544921875 0.0005773921875 0.0004687500000000001 0.00020751875000000005
1 0.0008508296875 0.0007763671875 0.00047119062500000007 0.00021972499999999996
1 0.001298828125 0.0005908203125 0.00042968750000000006 0.00020507812499999997
1 0.0012878421875 0.00078125 0.0004272468749999999 0.00018554687499999995
1 0.00026123125 0.0013586421875 0.0004589843749999999 0.000163575
1 0.00069458046875 0.0013537601562500002 0.00040771406249999996 0.00018310468750000006
1 0.00026489218750000003 0.00150024375 0.0004370125 0.00012451249999999997
1 0.0006848140625 0.0014892578125 0.00040283124999999996 0.00013671874999999985
1 0.001142578125 0.00134399453125 0.00047851562500000005 0.0001733390625000001
1 0.00113037109375 0.00148681640625 0.0004736328125 0.00015136718750000008
