1 0.0002099609375 0.000677490625 0.000361328125 0.000178221875
1 0.0005419921874999999 0.0006591796875 0.00037109375 0.00018066249999999993
1 0.00020751953125 0.0009631343750000001 0.0003320328125 0.00016845625000000002
1 0.00021240234375000003 0.00082519453125 0.00034667968750000004 0.00015136718750000008
1 0.00055297890625 0.000947265625 0.0003198234375 0.00015624999999999998
1 0.0005456546875 0.0008056632812499999 0.00033935625000000005 0.00016113281250000003
1 0.0009252921875 0.000759278125 0.000390625 0.00017578125
1 0.0009240726562499999 0.00062255859375 0.0003833015625 0.00016113281250000003
1 0.000931396875 0.00092529296875 0.00038329999999999994 0.00014160156249999994
1 0.0013378906249999999 0.0006042484374999999 0.0004199218749999999 0.000163575
1 0.00133300859375 0.0007580562500000001 0.0004150390625 0.00016845625000000002
1 0.00134033203125 0.0009106445312499999 0.00042480468749999994 0.0001513671874999999
1 0.0004833984375 0.00024169921875 0.00035644687499999993 0.0001708984375
1 0.00015625 0.00025756796875000003 0.0003125 0.0001684578125
1 0.0001477046875 0.00010253906250000001 0.000295409375 0.00017578125
1 0.00047729453125000006 8.422890625e-05 0.00036377031249999997 0.0001586921875
1 0.00083862265625 7.44625e-05 0.0003637703124999999 0.000148925
1 0.0008386234374999999 0.00021484296875 0.00034912187499999995 0.00018066406250000002
1 0.00120849609375 0.0001867671875 0.00037109531249999994 0.00018310625000000002
1 0.0005859375 0.0012646484375 0.0003759749999999999 0.00014160312499999998
1 0.00057861328125 0.0013879390625000001 0.0003857421875 0.000114746875
1 0.0005859375 0.00150146484375 0.0003759749999999999 0.0001220703125
1 0.0009777828125 0.0013232421875 0.00039795000000000005 0.0001318343750000001
1 0.0009838867187499998 0.00145141640625 0.00040527343750000003 0.00013427656250000007
