1 0.00035766640625000003 0.00017700234375 0.00015380781250000003 6.591718749999998e-05
1 0.0003515625 0.00011596640624999998 0.00015625000000000006 7.08015625e-05
1 0.00035644531250000005 5.859375e-05 0.00015625 6.835937499999999e-05
1 0.0005126953125 0.00017456093750000003 0.00016113437500000008 6.1034375e-05
1 0.0005151367187500001 0.00011474609375000001 0.00015625156250000002 6.34765625e-05
1 0.00066284140625 0.00017333984375000002 0.00015869218749999995 6.835781250000002e-05
1 0.00066772421875 0.00011230468749999999 0.0001538078125 6.347812500000002e-05
1 0.00024292031249999998 0.0004296867187499999 0.00014404375 5.371093749999998e-05
1 0.000234375 0.00037109375 0.000146484375 5.8593749999999964e-05
1 0.0003857421875 0.00042114218749999996 0.000146484375 6.103437499999998e-05
1 0.00038818359374999997 0.0003698734375 0.00015625156249999997 6.103437499999998e-05
1 0.0006726070312500001 0.00047607421875 0.00014892656250000005 5.371093750000007e-05
1 0.00067138671875 0.000419921875 0.00015624843749999993 5.8593749999999964e-05
1 0.0006713859375 0.00036621171874999997 0.000146484375 5.371093749999998e-05
1 0.00025878984375 0.0006848148437499999 0.00014160156249999996 6.103593750000002e-05
1 0.0002587890625 0.0006359859375000001 0.000151365625 5.615312499999995e-05
1 0.00040405312499999996 0.0006848148437499999 0.00014404375000000004 6.103593750000002e-05
1 0.00040527343750000003 0.00062988203125 0.00014648437500000005 5.371093750000007e-05
1 0.0006787109375000001 0.00068847734375 0.000146484375 5.371093750000007e-05
1 0.0006738281250000001 0.0006335453125 0.00015625000000000006 5.615312499999995e-05
1 0.0008251953125 0.00063110390625 0.00015624999999999998 6.103593749999994e-05
1 0.0004223640625 0.0010632328125 0.00014648437500000005 5.615312500000004e-05
1 0.00039794921875000003 0.001015625 0.00014160156249999996 5.3712499999999944e-05
1 0.0005541984375 0.0010144039062499998 0.000146484375 6.103593749999994e-05
1 0.00028320312500000003 0.0010632320312499999 0.00013671874999999999 6.103593749999994e-05
1 0.00032592734375 0.00124755859375 0.00013916093749999996 5.371093750000007e-05
1 0.000325928125 0.0011999515625 0.00013427812499999998 5.12687500000001e-05
1 0.00046875078125 0.00124877890625 0.00015136718750000008 5.6151562499999994e-05
1 0.00046020546875 0.00120361328125 0.00014404218750000002 5.37109374999999e-05
